4.5
9
13.5
18
22.5
27
31.5
36
40.5
45
49.5
54
58.5
63
67.5
72
76.5
81
85.5
90
94.5
99
103.5
108
112.5
117
121.5
126
130.5
135
139.5
144
148.5
150
150
150
150
150
150
150
150
150
150
150
150
150
150
150
150
150
150
150
150
150
150
150
150
150
150
150
150
150
150
150
150
150
148.5
144
139.5
135
130.5
126
121.5
117
112.5
108
103.5
99.0002
94.5002
90.0002
85.5002
81.0002
76.5002
72.0002
67.5002
63.0002
58.5002
54.0002
49.5002
45.0003
40.5003
36.0003
31.5003
27.0003
22.5003
18.0003
13.5003
9.00029
4.50029
0.000295043
0.000295043
0.000295043
